CURECRAFTER01                            
Fixture molecule01

8  8  0  0  0  0  0  0  0  0999 V2000
55.4957  -40.9678    0.0000 C   0  0  0  0  0  0  0  0  0  0  0  0
64.1559  -45.9678    0.0000 C   0  0  0  0  0  0  0  0  0  0  0  0
72.8162  -40.9678    0.0000 N   0  0  0  0  0  0  0  0  0  0  0  0
72.8162  -30.9678    0.0000 C   0  0  0  0  0  0  0  0  0  0  0  0
64.1559  -25.9678    0.0000 C   0  0  0  0  0  0  0  0  0  0  0  0
55.4957  -30.9678    0.0000 C   0  0  0  0  0  0  0  0  0  0  0  0
64.1559  -15.9678    0.0000 N   0  0  0  0  0  0  0  0  0  0  0  0
46.8354  -25.9678    0.0000 Cl  0  0  0  0  0  0  0  0  0  0  0  0
2  3  1  0  0  0
3  4  2  0  0  0
4  5  1  0  0  0
5  6  1  0  0  0
6  1  1  0  0  0
5  7  1  0  0  0
1  2  1  0  0  0
6  8  1  0  0  0
M  END